# PASS_SET  DDO
# PASSBAND  41
# REFERENCE Mclure and Van den Bergh - 1968
# Table taken from ADPS http://ulisse.pd.astro.it/Astro/ADPS/Systems/index.html         
 4090   0.2  
 4095   0.6  
 4100   1.4  
 4105   2.6  
 4110   4.9  
 4115   9.2  
 4120  15.4  
 4125  26.0  
 4130  35.2  
 4135  43.7  
 4140  47.6  
 4145  48.3  
 4150  48.7  
 4155  48.9  
 4160  49.0  
 4165  49.0  
 4170  48.8  
 4175  48.5  
 4180  48.2  
 4185  47.6  
 4190  46.5  
 4195  40.7  
 4200  31.9  
 4205  21.5  
 4210  12.5  
 4215   7.2  
 4220   4.6  
 4225   2.8                  
 4230   1.3                  
 4235   0.7                  
 4240   0.3                  
                             
                             
                
                
                                     
                                     
                                     
