# PASS_SET  DDO
# PASSBAND  38
# REFERENCE Mclure and Van den Bergh - 1968
# Table taken from ADPS http://ulisse.pd.astro.it/Astro/ADPS/Systems/index.html         
3540   0.0    
3560   1.9    
3580   5.6    
3600  11.3    
3620  18.9    
3640  27.3          
3660  35.8          
3680  43.5          
3700  50.3          
3720  55.8          
3740  59.7          
3760  62.8          
3780  64.5          
3800  65.2          
3820  65.1          
3840  64.2          
3860  62.8          
3880  60.1          
3900  56.1          
3920  50.8          
3940  46.1          
3960  39.5          
3980  33.1          
4000  26.7          
4020  20.7          
4040  14.7          
4060  10.1          
4080   6.5                           
4100   3.8                           
4120   1.9                           
4140   0.7                           
4160   0.0                           
                                     
                        
                        
                        
                        
                        
