# PASS_SET  DDO
# PASSBAND  51
# REFERENCE Mclure and Van den Bergh - 1968
# Table taken from ADPS http://ulisse.pd.astro.it/Astro/ADPS/Systems/index.html         
 4950   0.7   
 4960   0.9   
 4970   1.2   
 4980   1.6   
 4990   2.1   
 5000   3.0   
 5010   5.5   
 5020   8.5   
 5030  13.2   
 5040  19.5   
 5050  31.0   
 5060  47.2   
 5070  59.0   
 5080  66.5   
 5090  65.2   
 5100  60.0   
 5110  56.3   
 5120  54.0   
 5130  52.0   
 5140  54.2   
 5150  58.0   
 5160  59.0   
 5170  58.7   
 5180  56.8   
 5190  50.5   
 5200  38.3   
 5210  27.0   
 5220  20.7                             
 5230  15.1                                         
 5240   9.8                                         
 5250   5.5                                         
 5260   4.0                                                      
 5270   3.0                                                      
 5280   2.0                                         
 5290   1.3                                         
 5300   0.9                                                              
 5310   0.8                                                              
 5320   0.7                                                              
