# PASS_SET  DDO
# PASSBAND  48
# REFERENCE Mclure and Van den Bergh - 1968
# Table taken from ADPS http://ulisse.pd.astro.it/Astro/ADPS/Systems/index.html         
 4700   0.6   
 4710   0.9   
 4720   1.3   
 4730   2.0   
 4740   3.2   
 4750   4.8   
 4760   7.4   
 4770  11.6   
 4780  18.3   
 4790  28.2   
 4800  39.4   
 4810  48.8   
 4820  54.2   
 4830  56.1   
 4840  56.5   
 4850  56.3   
 4860  56.0   
 4870  55.7   
 4880  55.5   
 4890  55.2   
 4900  55.0   
 4910  54.7   
 4920  54.4   
 4930  53.7   
 4940  52.2   
 4950  48.5   
 4960  43.5   
 4970  34.6                              
 4980  26.0                                          
 4990  18.0                                          
 5000  12.5                                          
 5010   8.7                                                       
 5020   6.2                                                       
 5030   4.2                                          
 5040   2.9                                          
                                                                          
                                                                          
                                                                          
