# PASS_SET  OAO2 satellite
# PASSBAND  332 or S1F1
# REFERENCE Code 1980
# Table taken from ADPS http://ulisse.pd.astro.it/Astro/ADPS/Systems/index.html         
     2800  0.000     
     2820  0.005     
     2839  0.010     
     2860  0.020     
     2879  0.040     
     2900  0.080     
     3020  0.420     
     3040  0.500     
     3100  0.730     
     3140  0.880     
     3160  0.940     
     3180  0.965     
     3199  0.980     
     3220  0.990     
     3240  0.999     
     3260  0.999     
     3280  0.995     
     3339  0.960     
     3360  0.940     
     3399  0.880     
     3420  0.840     
     3439  0.810     
     3460  0.770     
     3500  0.680      
     3560  0.520                                                                
     3640  0.300                                                                
     3700  0.200                                                                
     3780  0.100                                                                
     3880  0.020                                                                
     3920  0.010                                                                
     3950  0.000                                  