# PASS_SET  OAO2 satellite
# PASSBAND  168 or S3F5
# REFERENCE Code 1980
# Table taken from ADPS http://ulisse.pd.astro.it/Astro/ADPS/Systems/index.html         
1300  0.000  
1340  0.040  
1380  0.090  
1400  0.140  
1419  0.240  
1439  0.350  
1459  0.520  
1500  0.780  
1520  0.860  
1540  0.910  
1560  0.950  
1580  0.985  
1599  1.000  
1620  0.990  
1640  0.960  
1660  0.840  
1680  0.720  
1719  0.530  
1760  0.390  
1800  0.300        
1900  0.180                        
2000  0.130                        
2100  0.100                        
2200  0.075                        
2300  0.055                         
2400  0.030                         
2600  0.000                                                                 
                
                                                        
                                                        
                                   