# HH1  :    23124             HIP number
# HH2  : *                    Component flag
# HH3  :        0.549         V-I (mag)
# HH4  :      163             Total transits, Ntot
# HH5  :      162             Accepted transits, Nacc
# HH6  :        8.2279        Median magnitude,  Hp (mag)
# HH7  :        0.0014        sigma Hp (mag)
# HH8  :        8.20           5th percentile (max) (mag)
# HH9  :        8.26          95th percentile (min) (mag)
# HH10 :                      Variability period, P (day)
# HH11 :                      Reference epoch (day)
# HH12 : C                    Variability type
# HH13 :                      Annex flag (tables)
# HH14 :                      Annex flag (light curves)
# TRANSITS
# HT1        HT2     HT3   HT4
7921.46221  8.2407 0.022   0
7921.47652  8.2484 0.012   0
7921.55111  8.2391 0.014   0
7921.56541  8.2264 0.010   0
7937.64977  8.2229 0.013   1
7937.73868  8.2296 0.013   0
7969.26097  8.2356 0.015   0
7969.27531  8.1963 0.013   0
8002.31177  8.2234 0.011   0
8002.32611  8.2291 0.016   0
8002.40065  8.2115 0.011   0
8002.41500  8.2383 0.012   0
8002.48956  8.2308 0.014   0
8002.50388  8.2319 0.012   2
8002.59276  8.2294 0.014   8
8020.61963  8.2063 0.015   0
8020.70851  8.2194 0.012   0
8020.72283  8.2399 0.011   0
8020.79740  8.2422 0.012   0
8020.81172  8.2263 0.011   0
8078.19530  8.2306 0.009   0
8078.28419  8.2195 0.010   0
8078.29851  8.2210 0.011   0
8078.37306  8.2344 0.013   0
8078.38741  8.2186 0.012   0
8078.46195  8.2281 0.017   0
8078.47629  8.2308 0.009   0
8078.63976  8.2422 0.014   0
8078.72864  8.2134 0.011   0
8078.74297  8.2312 0.014   0
8078.81753  8.2511 0.014   0
8078.83186  8.2400 0.017   0
8078.90644  8.2336 0.018   0
8078.92075  8.2215 0.010   0
8090.01743  8.2504 0.016   0
8090.03170  8.2011 0.019   0
8090.19521  8.2214 0.017   0
8090.28410  8.2480 0.017   0
8090.37296  8.2058 0.019   0
8090.46184  8.2203 0.016   0
8090.47616  8.2481 0.020   0
8090.63964  8.2226 0.014   0
8090.65396  8.2072 0.016   0
8090.72855  8.2284 0.017   0
8130.73070  8.2253 0.013   0
8130.89417  8.2244 0.009   0
8130.90849  8.2292 0.009   0
8160.66095  8.2154 0.010   0
8160.74979  8.2277 0.010   1
8160.76417  8.2216 0.014   0
8180.84858  8.2538 0.023   0
8180.92314  8.2473 0.022   0
8180.93748  8.2770 0.016   0
8181.01204  8.2447 0.017   0
8181.02638  8.2508 0.017   0
8222.95583  8.2182 0.017   0
8223.04472  8.2205 0.012   0
8223.11931  8.2255 0.011   0
8223.13359  8.2205 0.014   0
8223.20820  8.2250 0.015   0
8223.22251  8.2221 0.014   0
8223.38597  8.2024 0.012   0
8223.40029  8.2086 0.017   0
8223.47486  8.2386 0.011   0
8223.48918  8.2638 0.018   0
8223.56375  8.2298 0.013   0
8223.57806  8.2393 0.019   0
8223.65265  8.2354 0.013   0
8223.66696  8.2332 0.020   0
8223.83042  8.1904 0.013   0
8223.84474  8.2121 0.020   0
8224.00822  8.2077 0.019   0
8269.14416  8.2730 0.020   0
8269.21873  8.2057 0.020   0
8269.23304  8.2248 0.017   0
8269.30761  8.2125 0.020   0
8269.32193  8.2284 0.010   0
8269.39650  8.1895 0.014   0
8278.81746  8.2298 0.014   0
8278.83181  8.2306 0.015   0
8278.90636  8.2379 0.018   0
8278.92069  8.2322 0.020   0
8314.80683  8.2246 0.012   0
8314.88137  8.2282 0.014   0
8314.89572  8.2443 0.016   0
8340.30640  8.2381 0.009   0
8340.38099  8.2059 0.015   0
8340.39530  8.2146 0.015   0
8365.18622  8.2290 0.010   0
8365.26079  8.2271 0.013   0
8365.43856  8.2288 0.010   0
8365.45285  8.2330 0.013   0
8474.84489  8.2314 0.012   0
8475.00834  8.2389 0.012   0
8475.02268  8.2630 0.020   0
8475.11160  8.2373 0.014   0
8499.98068  8.2309 0.015   0
8499.99498  8.2382 0.013   0
8500.06955  8.2283 0.015   0
8500.08386  8.2474 0.014   0
8500.15846  8.2193 0.009   0
8500.17275  8.2446 0.020   0
8526.65341  8.2075 0.011   0
8526.72802  8.2380 0.016   0
8526.74231  8.2658 0.022   0
8563.00647  8.2165 0.013   0
8563.02079  8.2844 0.022   0
8563.09537  8.2593 0.017   0
8563.10968  8.2077 0.022   0
8563.18427  8.1888 0.017   2
8573.22813  8.1977 0.013   0
8573.24244  8.2168 0.016   0
8573.31702  8.2249 0.011   0
8573.33135  8.2117 0.020   0
8661.07654  8.2030 0.022   0
8661.09083  8.2254 0.011   0
8661.16540  8.2431 0.017   0
8661.17972  8.2204 0.010   0
8680.44756  8.2182 0.010   0
8680.46188  8.2264 0.011   0
8680.53645  8.2389 0.015   0
8680.55074  8.2607 0.014   0
8709.86842  8.2431 0.015   0
8709.94300  8.2052 0.013   0
8709.95734  8.2187 0.011   0
8748.32575  8.2330 0.015   0
8748.34005  8.2137 0.011   0
8748.50352  8.2567 0.018   1
8748.68129  8.2015 0.014   0
8748.69563  8.2212 0.013   0
8748.77015  8.2322 0.024   0
8748.78450  8.2407 0.018   0
8748.85906  8.2719 0.023   0
8748.87338  8.2322 0.020   0
8761.13892  8.2521 0.015   2
8761.21349  8.2255 0.013   0
8761.22779  8.2220 0.008   0
8761.30238  8.2329 0.015   0
8761.31668  8.2189 0.011   0
8761.39125  8.2384 0.019   0
8761.40557  8.2403 0.015   0
8761.56900  8.2145 0.019   2
8761.58332  8.2219 0.016   2
8761.65793  8.2216 0.012   0
8761.67225  8.2119 0.010   0
8761.74679  8.2225 0.012   0
8761.76110  8.2253 0.011   0
8761.83569  8.2073 0.020   0
8818.93542  8.2102 0.015   0
8818.94974  8.2219 0.012   0
8819.02431  8.2142 0.019   0
8819.03864  8.2226 0.021   0
8837.04673  8.1914 0.022   2
8837.12128  8.2041 0.011   0
8837.13563  8.2118 0.017   0
8837.21019  8.2368 0.011   0
8837.22453  8.2217 0.016   2
9008.80709  8.2379 0.012   0
9008.82139  8.2445 0.016   0
9008.89596  8.2193 0.013   2
9008.91026  8.2294 0.013   0
9045.17438  8.2284 0.021   0
9045.18874  8.2327 0.017   0
