0.000000e+00
1.000000e+00
5.000000e-01
2.500000e-01
7.500000e-01
1.250000e-01
3.750000e-01
6.250000e-01
8.750000e-01
6.250000e-02
1.875000e-01
3.125000e-01
4.375000e-01
5.625000e-01
6.875000e-01
8.125000e-01
9.375000e-01
3.125000e-02
9.375000e-02
1.562500e-01
2.187500e-01
2.812500e-01
3.437500e-01
4.062500e-01
4.687500e-01
5.312500e-01
5.937500e-01
6.562500e-01
7.187500e-01
7.812500e-01
8.437500e-01
9.062500e-01
9.687500e-01
1.562500e-02
4.687500e-02
7.812500e-02
1.093750e-01
1.406250e-01
1.718750e-01
2.031250e-01
2.343750e-01
2.656250e-01
2.968750e-01
3.281250e-01
3.593750e-01
3.906250e-01
4.218750e-01
4.531250e-01
4.843750e-01
5.156250e-01
5.468750e-01
5.781250e-01
6.093750e-01
6.406250e-01
6.718750e-01
7.031250e-01
7.343750e-01
7.656250e-01
7.968750e-01
8.281250e-01
8.593750e-01
8.906250e-01
9.218750e-01
9.531250e-01
9.843750e-01
7.812500e-03
2.343750e-02
3.906250e-02
5.468750e-02
7.031250e-02
8.593750e-02